natives_american_inuit = {
	graphical_culture = inuitgfx
	color = { 0 255  255 }
	icon = 4
	
	unit = native_indian_archer
	
	provinces = {
		
	}
}

natives_american_na = {
	graphical_culture = northamericagfx
	color = { 0 255  0 }
	icon = 1
	
	unit = native_indian_archer
	
	provinces = {
		
	}
}

natives_american_ma = {
	graphical_culture = southamericagfx
	color = { 255  255  0 }
	icon = 5
	
	unit = native_indian_archer
	
	provinces = {
		
	}
}

natives_american_sa = {
	graphical_culture = southamericagfx
	color = { 255  0  0 }
	icon = 6
	
	unit = native_indian_archer
	
	provinces = {
		#Hasmal
		8846  8845  8844  8843  8842  8841  8840  8839  8838  8837  8836  8835  8834  8833  8832  8831  8830  8829
		8828  8827  8826  8825  8824  8823  8822  8821  8820  8819  8818  8817  8816  8815  8814  8813  8812  8811
		8810  8809  8808  8807  8806  8805  8804  8803  8802  8801  8800  8799  8798  8797  8796  8795  8794  8793
		8792  8791  8790  8789  8788  8787  8786  8785  8784  8783  8782  8781  8780  8779  8778  8777  8776  8775
		8774  8773  8772  8771  8770  8769  8768  8767  8766  8765  8764  8763  8762  8761  8760  8759  8758  8757
		8756  8755  8754  8753  8752  8751  8750  8749  8748  8747  8746  8745  8744  8743  8742  8741  8740  8739
		8738  8737  8736  8735  8734  8733  8732  8731  8730  8729  8728  8727  8726  8725  8724  8723  8722  8721
		8720  8719  8718  8717  8716  8715  8714  8713  8712  8711  8710  8709  8708  8707  8706  8705  8704  8703
		8702  8701  8700  8699  8698  8697  8696  8695  8694  8693  8692  8691  8690  8689  8688  8687  8686  8685
		8684  8683  8682  8681  8680  8679  8678  8677  8676  8675  8674  8673  8672  8671  8670  8669  8668  8667
		8666  8665  8664  8663  8662  8661  8660  8659  8658  8657  8656  8655  8654  8653  8652  8651  8650  8649
		8648  8647  8646  8645  8644  8643  8642  8641  8640  8639  8638  8637  8636  8635  8634  8633  8632  8631
		8630  8629  8628  8627  8626  8625  8624  8623  8622  8621  8620  8619  8618  8617  8616  8615  8614  8613
		8612  8611  8610  8609  8608  8607  8606  8605  8604  8603  8602  8601  8600  8599  8598  8597  8596  8595 
		8594  8593  8592  8591  8590  8589  8588  8587  8586  8585  8584  8583  8582  8581  8580  8579  8578  8577
		8576  8575  8574  8573  8572  8571  8570  8569  8568  8567  8566  8565  8564  8563  8562  8561  8560  8559
		8558  8557  8556  8555  8554  8553  8552  8551  8550  8549  8548  8547  8546  8545  8544  8543  8542  8541
		8540  8539  8538  8537  8536  8535  8534  8533  8532  8531  8530  8529  8528  8527  8526  8525  8524  8523 
		8522  8521  8520  8519  8518  8517  8516  8515  8514  8513  8512  8511  8510  8509  8508  8507  8506  8505
		8504  8503  8502  8501  8500  8499  8498  8497  8496  8495  8494  8493  8492  8491  8490  8489  8488  8487
		8486  8485  8484  8483  8482  8481  8480  8479  8478  8477  8476  8475  8474  8473  8472  8471  8470  8469
		8468  8467  8466  8465  8464  8463  8462  8461  8460  8459 
		6857 6858 6859 6861 6860 6862 6863 6856 6855 6864 6865 6866 6867 6868 6869 6870 6871 4952 4951 4976 4975
	}
}

natives_african = {
	graphical_culture = africangfx
	color = { 180  180  80 }
	icon = 2
	
	unit = african_spearmen
	
	provinces = {
		#Bong
		8454 8455 8456
		#great desert (?)
		8038 8039 8040 8041 8037 8042 7972 8044 8043 8045 8046 8050 8049 8047 8048 7984
		7988 7987 7986 7985 7963 7964 7966 7965 7967 7968 7969 7250 7251 7241 7240 7239 7238 7237 7236 7244 7243 7242 7970 7971 
		7960 7959 7958 7957 7956 7955 7954 7953 7952
	}
}

natives_asian = {
	graphical_culture = indiangfx
	color = { 255  255  80 }
	icon = 3
	
	unit = east_asian_spearmen
	
	provinces = {
		#Yokiath (I feel like they belong there)
		5551 5545 5547 5546 8161 8163 8162 5543 8164 8165 8166 8167 8168 8169 8170 8171 8172 8187 8189 8188 8191 8190
		8173 8186 8183 8182 8185 8184 8180 8181 8179 8178 8177 
	}
}

natives_siberian = {
	graphical_culture = inuitgfx
	color = { 127  255  255 }
	icon = 4
	
	unit = mongol_bow
	
	provinces = {
		#Northern Estal (arctic)
		6466 6464 6462 6461 6458 6457 6326 6324 6325 6327 6321 6318 6342 6509 6514 6511 6515 6516 6512 6492 6491 6467 6468 6469
		6063 6064 6463 6330 6312 6317 6311 6470 6471 6472 6478 6525 6524 6523 6496 6489 6520 6519 6490 6500 6508 6518 6517 6504
		6505 6503 6499 6502 6498 6497 6501 6065 6066 6507 6506 6460 6459 6465 6329 6331 6332 6333 6320 6332 6323 6322
	}
}
