avzazi={
	location=5224
	color={
		255 255 78 
	}
	outgoing={
		name="umzat"
		path={
			4963 4962 5214 5215 4981 
		}
		control={
			437.000000 499.000000 497.000000 691.000000 415.000000 886.000000 574.090027 1108.369995 719.000000 1192.000000 
		}
	}
	members={
		5237 5238 5224 
	}
}
laglon={
	location=4982
	color={
		82 88 118 
	}
	outgoing={
		name="quanex"
		path={
			4982 
		}
		control={
			875.000000 1244.000000 
		}
	}
	outgoing={
		name="maglazios"
		path={
			4982 5221 5243 4985 49874996 
		}
		control={
			1032.000000 1210.000000 1248.000000 1235.000000 
		}
	}
	members={
		5028 5039 5017 5018 5019 5020 5021 5022 5023 5024 5025 5026 5027 5027 5029 5030 5031 5032 5033 5034 5035 5036 5037 5038 5038 5269 5270 5271 5272 5273 5253 5255 5265 5279 5694 4982 
	}
}
montava={
	location=5669
	color={
		244 228 107 
	}
	outgoing={
		name="arrol"
		path={
			5669 5536 
		}
		control={
			1949.000000 1627.000000 1979.000000 1605.000000 2072.000000 1616.000000 2132.000000 1587.000000 2172.000000 1543.000000 2152.000000 1487.000000 
		}
	}
	members={
		5727 5729 5730 5731 5732 5733 5734 5735 5736 5737 5738 5739 5740 5741 5742 5744 5745 5691 5692 5693 5669 5627 5617 5661 
	}
}
nabrosia={
	location=5725
	color={
		248 180 34 
	}
	outgoing={
		name="laglon"
		path={
			5761 5759 5758 5753 5754 5210 
		}
		control={
			973.000000 1499.000000 936.000000 1450.000000 901.000000 1401.000000 878.000000 1372.000000 853.000000 1338.000000 873.000000 1301.000000 914.000000 1294.000000 
		}
	}
	outgoing={
		name="walara"
		path={
			5761 5759 5758 5752 5751 5750 5749 
		}
		control={
			1078.000000 1514.000000 
		}
	}
	members={
		5709 5711 5712 5713 5714 5715 5716 5718 5719 5720 5721 5722 5724 5725 5726 5655 5658 5596 5607 5608 5637 5784 5618 5626 5500 5190 5634 5708 
	}
}
walara={
	location=5753
	color={
		62 143 183 
	}
	outgoing={
		name="maglazios"
		path={
			5298 5300 5317 5318 5319 5320 
		}
		control={
			1134.000000 1386.000000 1139.859985 1343.199951 1192.000000 1310.000000 1237.000000 1309.000000 
		}
	}
	members={
		5697 5698 5699 5700 5701 5703 5704 5705 5706 5284 5285 5286 5288 5289 5294 5295 5296 5298 5299 5305 5309 5312 5313 5341 5310 5283 5824 5754 5282 5753 
	}
}
maglazios={
	location=5321
	color={
		137 147 38 
	}
	outgoing={
		name="pomlen"
		path={
			4996 4997 
		}
		control={
			1304.000000 1350.000000 
		}
	}
	outgoing={
		name="pexamol"
		path={
			4996 4998 
		}
		control={
			1429.890015 1319.310059 
		}
	}
	members={
		5277 5281 5303 5304 5311 5335 5333 5317 5318 5334 5321 5274 5275 5276 5278 5280 5297 5300 5301 5302 5320 5336 5319 5320 5322 5323 5324 5325 5326 5327 5328 5329 
	}
}
pomlen={
	location=4997
	color={
		206 144 172 
	}
	outgoing={
		name="emastalia"
		path={
			4997 4999 5001 5002 
		}
		control={
			1473.000000 1388.000000 1582.000000 1473.000000 
		}
	}
	members={
		5203 5308 5314 5315 5316 5330 5331 5332 5337 5338 5339 5340 5342 5343 5344 5345 5346 5347 5348 5349 5350 5351 5352 5353 5354 5355 5356 5357 5358 4997 
	}
}
dimdivu={
	location=5683
	color={
		72 111 56 
	}
	outgoing={
		name="jimkalin"
		path={
			5682 5680 5603 5652 5650 5648 
		}
		control={
			2250.000000 1353.000000 2188.000000 1290.000000 
		}
	}
	members={
		5683 5689 5690 5680 5681 5682 5684 5685 5686 5687 5688 5785 5652 5603 5602 5516 5601 5515 5514 5679 5677 5676 
	}
}
jimkalin={
	location=5644
	color={
		196 181 80 
	}
	outgoing={
		name="kinvirel"
		path={
			5644 5629 5656 5201 5653 5197 
		}
		control={
			2114.580078 1258.430054 2072.979980 1253.849976 2029.000000 1229.000000 
		}
	}
	members={
		5644 5631 5615 5625 5613 5594 5656 5629 5657 5597 5672 5673 5599 5648 5650 5645 5647 5643 5609 5642 5636 5633 5639 
	}
}
degladon={
	location=5481
	color={
		38 105 170 
	}
	outgoing={
		name="kinvirel"
		path={
			5473 5621 5472 5471 5009 
		}
		control={
			1952.000000 1324.000000 1971.000000 1286.000000 2028.000000 1254.000000 
		}
	}
	members={
		5660 5509 5507 5505 5506 5504 5624 5659 5654 5663 5670 5668 5665 5481 5473 5497 5498 5480 5477 5474 5476 5621 5622 5623 5501 5502 5503 5499 5478 5479 5482 5483 5472 5595 5600 5674 5820 
	}
}
agixion={
	location=5361
	color={
		255 165 56 
	}
	outgoing={
		name="kinvirel"
		path={
			5227 5228 5786 5009 
		}
		control={
			1866.000000 1289.000000 
		}
	}
	outgoing={
		name="emastalia"
		path={
			5227 5007 5005 5003 5002 
		}
		control={
			1755.000000 1353.000000 
		}
	}
	members={
		5359 5360 5361 5362 5363 5364 5365 5366 5367 5368 5369 5370 5371 5372 5373 5374 5375 5376 5496 5484 5485 5486 5487 5488 5489 5490 5491 5492 5493 5239 5307 
	}
}
vesuxa={
	location=5442
	color={
		233 210 173 
	}
	outgoing={
		name="xon"
		path={
			5434 5420 5421 5443 5467 5462 5463 5402 
		}
		control={
			1578.000000 1221.000000 
		}
	}
	members={
		5407 5408 5409 5410 5411 5414 5415 5416 5417 5418 5419 5420 5421 5422 5423 5450 5434 5412 5413 5443 5442 5441 5435 5431 5436 5437 5438 5440 5428 5429 5432 5433 5466 5822 5823 
	}
}
pexamol={
	location=5552
	color={
		214 88 255 
	}
	outgoing={
		name="xon"
		path={
			5000 5003 5004 5226 
		}
		control={
			1599.000000 1279.000000 
		}
	}
	members={
		5405 5381 5382 5383 5384 5385 5377 5380 5378 5379 5392 5427 5406 5425 5439 5397 5396 5393 5395 5552 5553 5390 5391 5394 5287 5577 5811 
	}
}
xon={
	location=5388
	color={
		249 243 35 
	}
	outgoing={
		name="agixion"
		path={
			5226 
		}
		control={
			1675.000000 1258.000000 
		}
	}
	members={
		5555 5403 5400 5399 5404 5386 5387 5388 5398 5389 5401 5402 5424 5460 5461 5444 5445 5446 5447 5448 5449 5462 5463 5464 5465 5467 5468 5451 5452 5453 5454 5455 5456 5456 5457 5458 5459 5558 5710 
	}
}
arrol={
	location=5536
	color={
		104 184 149 
	}
	outgoing={
		name="degladon"
		path={
			5536 5518 5517 5510 5507 5503 5499 5498 
		}
		control={
			2063.000000 1393.000000 
		}
	}
	members={
		5529 5530 5538 5539 5528 5531 5537 5540 5532 5527 5533 5541 5534 5526 5525 5535 5536 5523 5522 5521 5518 5524 5520 5519 5517 5510 5513 5511 5512 5604 5606 5605 5678 5728 
	}
}
umzat={
	location=4981
	color={
		181 11 28 
	}
	outgoing={
		name="quanex"
		path={
			5046 5050 5051 5064 5065 
		}
		control={
			787.000000 1176.000000 818.000000 1207.000000 
		}
	}
	outgoing={
		name="fasalep"
		path={
			5046 5057 5058 
		}
		control={
			802.000000 1091.000000 
		}
	}
	members={
		5040 5041 5042 5043 5044 5045 5046 5047 5050 5051 5052 5053 5551 5543 5545 5547 5546 5015 4981 
	}
}
miris={
	location=5218
	color={
		115 80 72 
	}
	outgoing={
		name="laglon"
		path={
			5046 5050 5051 5064 5065 
		}
		control={
			762.000000 1260.000000 815.260010 1272.579956 854.000000 1300.000000 893.000000 1289.000000 
		}
	}
	outgoing={
		name="umzat"
		path={
			5046 5057 5058 
		}
		control={
			729.000000 1221.000000 764.000000 1187.000000 
		}
	}
	members={
		5013 5014 5016 5694 5254 5256 5257 5259 5258 5268 5267 5264 5266 5263 5262 5261 5260 5695 5158 5235 5236 5702 5611 5743 5218 
	}
}
fasalep={
	location=5059
	color={
		190 106 102 
	}
	outgoing={
		name="nuti"
		path={
			5083 5084 5087 5088 5095 5096 5100 
		}
		control={
			882.000000 1125.000000 923.000000 1112.000000 968.000000 1098.000000 
		}
	}
	members={
		5048 5049 5054 5055 5056 5057 5058 5082 5059 5083 5084 5085 5086 5087 5088 5089 5090 5091 5092 5093 5230 
	}
}
quanex={
	location=5066
	color={
		30 66 116 
	}
	outgoing={
		name="nuti"
		path={
			4982 3983 5105 
		}
		control={
			925.000000 1199.000000 1031.000000 1134.000000 
		}
	}
	members={
		5068 5075 5077 5064 5065 5066 5062 5063 5208 5060 5067 5207 5071 5072 5073 5070 5069 5078 5074 5079 5076 5081 5080 
	}
}
nuti={
	location=5103
	color={
		42 122 195 
	}
	outgoing={
		name="arlen"
		path={
			4983 4984 
		}
		control={
			1134.000000 1117.000000 
		}
	}
	members={
		5095 5097 5096 5094 5099 5100 5098 5102 5101 5103 5104 5105 5106 5107 5108 5109 5110 5111 5130 5129 5548 5240 5550 
	}
}
arlen={
	location=5121
	color={
		180 210 100 
	}
	outgoing={
		name="makykay"
		path={
			4986 4988 4989 4992 4995 
		}
		control={
			1233.000000 1090.000000 1366.000000 1055.000000 1445.000000 1044.000000 
		}
	}
	members={
		5124 5123 5128 5125 5131 5134 5112 5122 5121 5120 5126 5119 5132 5118 5127 5133 5127 5113 5117 
	}
}
makykay={
	location=5140
	color={
		186 54 39 
	}
	outgoing={
		name="houraska_xon"
		path={
			5144 5152 5157 5162 
		}
		control={
			1531.000000 1086.000000 1586.000000 1092.000000 
		}
	}
	outgoing={
		name="vesuxa"
		path={
			4995 4994 4993 5435 
		}
		control={
			1488.000000 1107.000000 1473.000000 1169.000000 
		}
	}
	members={
		5557 5556 5143 5116 5114 5115 5135 5136 5137 5138 5139 5140 5141 5144 5145 5146 5142 5148 5147 5149 5150 5151 5152 5153 5157 5156 5155 5154 5549 5542 5241 5290 5812 5813 5814 5815 
	}
}
houraska_xon={
	location=5167
	color={
		72 116 53 
	}
	outgoing={
		name="kinvirel"
		path={
			5166 5012 5011 
		}
		control={
			1714.000000 1078.000000 1801.000000 1128.000000 1940.000000 1134.000000 2011.000000 1174.000000 
		}
	}
	members={
		5162 5161 5159 5160 5163 5164 5166 5165 5167 5168 5175 5170 5171 5172 5173 5242 5209 5174 5176 5177 5178 5179 5180 5181 5628 5306 5671 5818 5819 5790 
	}
}
kinvirel={
	location=5196
	color={
		166 149 132 
	}
	members={
		5619 5616 5202 5196 5199 5204 5189 5191 5192 5193 5197 5198 5205 5201 5200 5469 5471 5590 5591 5592 5593 5612 5620 5469 5470 5195 5475 5183 5184 5185 5186 5187 5188 5194 5182 5667 5653 5494 5789 5791 5792 
	}
	end=yes
}
emastalia={
	location=5002
	color={
		55 126 42 
	}
	members={
		5559 5560 5561 5562 5563 5564 5565 5566 5567 5568 5569 5570 5571 5572 5573 5574 5575 5576 5578 5579 5580 5581 5582 5583 5584 5717 5293 5291 5696 5707 5793 5810 5821 5809 5808 5807 5806 5804 5803 5802 5800 5799 5798 5797 5796 5795 5794 5666 5002 
	}
	end=yes
}
