### SEA AREAS ###

east_gomic = { 7198  7198  7015  7014  7013  7012  7011  7010  7009  7008  7007  7006  7005  7004  7003  7002 
	5787  5786  5228  5227  5226  5002  5001  5000  5765
	5012  5011  5010  5009  5008  5007  5006  5005  5004  5003
}

gomic = {
	5243 5222 
	4998  4999  5767  5219  4997  4996  4995  4994  4993  4992  4991  4990  4989  4988  4987  4986  4985
	4984  4983  4982  4981  5221  5220
}

lake_area = {
	4970 4975 4976 4972 4973 4974 4971 4977 4978 4979
}

gomic_exit = {
	5218  5217  5216  5215  5214
}

naravami_sea = {
	5752 5751 5758 5748 5747 5760 5773 5750 5782 5769 5770 5776 5772
}

ekelan_sea = {
	5223 5224 5225
}

toman_sea = {
	5229
}

olivinar_sea = {
	5761 5753 5754 5757 5755 5762 5763 5756 5759
}

vamanyan_sea = {
	5749 5746 5774 5766
}

aresian_gulf = {
	5775 5768 5771 5778 5781 5779 5777 5783 5780 5764 5885
}

## LAND AREAS ###

kruli_area = {
	5238  5237 
}

idios_area = { 6854  6853  6852  6851  6850  6849  6848  6847  6846  6845  6844  6843  6842  6841  6840  6839  6838  6836  6835  6834  6833  6832  6831  6830  6829  6828  6827  6826  6825  6824  6823  6822  6821  6820  6819  6818  6817  6816  6815  6814  6813  6812  6811  6810  6809  6808  6807  6806  6805  6804  6803  6802  6801  6800  6799  6798  6797  6796  6795  6794  6793  6792  6791  6790  6789  6788  6787  6786  6785  6784  6783  6782  6781  6780  6779  6778  6777  6776  6775  6774  6773  6772  6771  6770  6769  6768  6767  6766  6765  6764  6763  6762  6761  6760  6759  6758  6757  6756  6755  6754  6753  6752  6751  6750  6749  6748  6747  6746  6745  6744  6743  6742  6741  6740  6739  6738  6737  6736  6735  6734  6733  6732  6731  6730  6729  6728  6727  6726  6725  6724  6723  6722  6721  6720  6719  6718  6717  6716  6715  6714  6713  6712  6711  6710  6709  6708  6707  6706  6705  6704  6703  6702  6701  6700  6699  6698  6697  6696  6695  6694  6693  6692  6691  6690  6689  6688  6687  6686  6685  6684  6683  6682  6681  6680  6679  6678  6677  6676  6675  6674  6673  6672  6671  6670  6669  6668  6667  6666  6665  6664  6663  6662  6661  6660  6659  6658  6657  6656  6655  6654  6653  6652  6651  6650  6649  6648  6647  6646  6645  6644  6643  6642  6641  6640  6639  6638  6637  6636  6635  6634  6633  6632  6631  6630  6629  6628  6627  6626  6625  6624  6623  6622  6621  6620  6619  6618  6617  6616  6615  6614  6613  6612  6611  6610  6609  6608  6607  6606  6605  6604  6603  6602  6601  6600  6599  6598  6597  6596  6595  6594  6593  6592  6591  6590  6589  6588  6587  6586  6585  6584  6583  6582  6581  6580  6579  6578  6577  6576  6575  6574  6573  6572  6571  6570  6569  6568  6566  6565  6564  6563  6562  6561  6559  6558  6557  6556  6555  6554  6553  6551  6550  6549  6548  6547  6546  6545  6544  6543  6542  6541  6540  6539  6538  6536  6535  6534  6533  6532  6531  6530  6528  6527  6526  6525  6524  6523  6522  6521  6520  6519  6518  6517  6516  6515  6514  6512  6511  6509  6508  6507  6506  6505  6504  6503  6502  6501  6500  6499  6498  6497  6496  6495  6494  6493  6492  6491  6490  6489  6488  6487  6486  6485  6484  6483  6482  6481  6480  6479  6478  6477  6476  6475  6474  6473  6472  6471  6470  6469  6468  6467  6466  6465  6464  6463  6462  6461  6460  6459  6458  6457  6452  6452  6451  6450  6449  6448  6447  6446  6445  6444  6442  6441  6440  6439  6438  6437  6436  6435  6433  6432  6431  6430  6429  6428  6427  6426  6425  6424  6423  6422  6421  6420  6419  6418  6417  6416  6415  6414  6413  6412  6411  6410  6409  6408  6407  6406  6405  6404  6403  6402  6401  6400  6399  6398  6397  6396  6395  6394  6393  6392  6391  6390  6389  6388  6387  6386  6385  6384  6383  6382  6381  6380  6379  6378  6377  6376  6375  6374  6373  6372  6371  6370  6369  6368  6367  6366  6365  6364  6363  6362  6361  6360  6359  6358  6357  6356  6355  6354  6353  6352  6351  6342  6341  6340  6339  6338  6337  6336  6335  6334  6333  6332  6331  6330  6329  6328  6327  6326  6325  6324  6323  6322  6321  6320  6319  6318  6317  6316  6315  6314  6313  6312  6311  6310  6309  6308  6307  6306  6305  6304  6303  6302  6301  6300  6299  6298  6297  6296  6295  6294  6293  6292  6291  6290  6289  6288  6287  6286  6285  6284  6283  6282  6281  6280  6279  6278  6277  6276  6275  6274  6273  6272  6271  6270  6269  6268  6267  6266  6265  6264  6263  6262  6261  6260  6259  6258  6257  6256  6255  6254  6253  6252  6251  6250  6249  6248  6247  6246  6245  6244  6243  6242  6241  6240  6239  6238  6237  6236  6235  6234  6233  6232  6231  6230  6229  6228  6227  6226  6225  6224  6223  6222  6221  6220  6219  6218  6217  6216  6215  6214  6213  6212  6211  6210  6209  6208  6207  6206  6205  6204  6203  6202  6201  6200  6199  6198  6197  6196  6195  6194  6193  6192  6191  6190  6189  6188  6184  6183  6182  6172  6171  6170  6169  6168 5989 6006 6047 6051 6040 6038 5985 6117 6125 
	
}

quanex_area = {
	5066 5065 5064 5063 5062
}

western_core_area = {
	5050 5051 5052 5060
}

eastern_core_area = {
	5208 5067 5207
}

roplea_area = {
	5068 5071 5072 5073 5074
}

arma_area = {
	5070 5069 5075 5077 5078
}

east_umzatia = {
	5047 5046 5045 5043 5053
}

umzat_bay = {
	5044 5042 5040 5041
}

effasha_area = {
	5049 5055 5054 5056 5057 5048
}

fazalep_area = {
	5058 5059 5083 5082
}

lower_oppia_area = {
	5081 5076 5079 5080
}

ponaa_area = {
	5085 5084 5087 5086 5088 5230
}

nuti_area = {
	5097 5095 5096 5100 5103 5548
}

lyposh_area = {
	5089 5090 5091 5092 5093
}

atamsu_area = {
	5094 5099 5102
}

mesdool_area = {
	5104 5101 5098
}

elorak_area = {
	5106 5107 5240 5105 5108
}

gromash_area = {
	5124 5128 5123 5125 5131
}

sosne_area = {
	5550 5110 5129
}

arlen_area = {
	5122 5121 5120 5126 5119
}

zne_area = {
	5134 5112 5130 5109 5111
}

unnamed_area_7 = {
	5127 5118 5117 5113 5133 5132
}

unnamed_area_8 = {
	5114 5116 5115 5135 5136
}

vaximor_area = {
	5137 5138 5139 5557 5556
}

makykay_area = {
	5140 5144 5141 5143 5241 5542
}

okus_area = {
	5147 5148 5142 5149 5150
}

kars_area = {
	5812 5813 5814 5815
}

unnamed_area_9 = {
	5145 5146 5151 5549
}

bava_area = {
	5153 5152 5155 5154
}

zeaf_area = {
	5157 5162 5628 5290 5156
}

tsaj_area = {
	5159 5160 5161
}

marn_area = {
	5242 5163 5166 5164 5165
}

houras_area = {
	5167 5168 5175 5170 5171
}

unnamed_area_10 = {
	5173 5176 5172 5818 5819
}

hoxoi_area = {
	5180 5181 5174 5671 5178
}

ropinver_area = {
	5209 5176 5306 5177 5179 5790
}

mahansha_area = {
	5183 5185 5186 5194 5195 5204
}

unnamed_area_11 = {
	5184 5187 5192 5667 5791
}

unnamed_area_12 = {
	5191 5193 5792 5189
}

diam_area = {
	5182 5789 5188
}

kinvirel_area = {
	5199 5196 5197
}

unnamed_area_13 = {
	5198 5200 5205 5201 5202 5653
}

umzat_islands_area = {
	5013 5014 5015 5016
}

pomlen_area = {
	5203 5337 5343 5344 5316 5358
}

unnamed_area_14 = {
	5017 5018 5019 5020 5253
}

unnamed_area_15 = {
	5022 5023 5021 5024 5025
}

unnamed_area_16 = {
	5026 5027 5028 5029 5030
}

unnamed_area_17 = {
	5033 5037 5036 5032 5038
}

unnamed_area_18 = {
	5031 5035 5034 5039
}

asetli_area = {
	5543 5551 5545 5547 5546
}

sixan_area = {
	5455 5456 5457 5458 5453
}

calla_area = {
	5459 5449 5448
}

sostus_area = {
	5454 5445 5451 5452 5558 5446
}

marnet_area = {
	5419 5415 5418 5417
}

morsum_area = {
	5409 5408 5410 5411 5407
}

vesuxa_area = {
	5413 5412 5435 5442 5441
}

jexus_area = {
	5414 5416 5420 5450 5434 5822
}

glazia_area = {
	5436 5440 5437 5438 5431
}

pawan_area = {
	5439 5397 5396 5393 5395 5287
}

vox_larm_area = {
	5405 5425 5406 5427 5392
}

pexamol_area = {
	5553 5552 5390 5391 5394 5577
}

elwait_area = {
	5379 5378 5377 5380 5811
}

unnamed_area_20 = {
	5382 5383 5384 5385 5381
}

pyarxu_area = {
	5555 5404 5403 5386 5710
}

xon_area = {
	5388 5389 5387
}

oxaled_area = {
	5399 5400 5465 5447 5401 5398
}

vinsa_area = {
	5463 5468 5462 5464 5402
}

walamo_area = {
	5443 5466 5421 5422 5444 5467
}

karmanon_area = {
	5429 5428 5432 5433
}

unnamed_area_21 = {
	5423 5424 5460 5461 5823
}

lesser_moxon_area = {
	5374 5376 5375 5372 5371 5239
}

agixion_area = {
	5359 5361 5360 5362 5363
}

central_lerush_area = {
	5364 5366 5367 5365
}

outer_moxon_area = {
	5368 5370 5369 5373 5496 5307
}

northern_umzat = {
	5263 5264 5262 5259
}

west_feniki = {
	5694 5254 5256 5257 5235 5236
}

revdirom_area = {
	5158 5743 5255 5265 5279 5611
}

unnamed_area_22 = {
	5267 5268 5266 5261 5260 5258
}

unnamed_area_23 = {
	5269 5270 5272 5271 5273
}

mofemi_morsum_area = {
	5354 5353 5357 5355 5352
}

riximi_area = {
	5562 5561 5559 5560 5793
}

unnamed_pexto_1 = {
	5356 5351 5350 5348 5349
}

unnamed_pexto_2 = {
	5345 5342 5340 5347 5346
}

unnamed_pexto_3 = {
	5338 5339 5315 5314 5330 5308
}

unnamed_pexto_4 = {
	5341 5313 5312 5309 5824
}

unnamed_pexto_5 = {
	5311 5300 5301 5297
}

unnamed_pexto_6 = {
	5336 5333 5332 5331 5335
}

maglazios_area = {
	5321 5320 5319 5323 5324
}

unnamed_pexto_7 = {
	5326 5327 5328 5325
}

unnamed_pexto_8 = {
	5304 5303 5281 5280 5302
}

unnamed_pexto_9 = {
	5334 5318 5317 5322 5329
}

unnamed_pexto_10 = {
	5277 5275 5276 5278 5274
}

unnamed_pexto_11 = {
	5282 5283 5286 5284 5288
}

unnamed_pexto_12 = {
	5299 5298 5285 5289
}

unnamed_pexto_14 = {
	5294 5296 5295 5310
}

hasia_area = {
	5695
}

unnamed_area_24 = {
	5702 5703 5701 5700 5699 5704
}

unnamed_area_25 = {
	5706 5705
}

unnamed_area_26 = {
	5607 5608 5697 5698
}

unnamed_area_27 = {
	5626 5618 5637 5500 5190 5596
}

unnamed_area_28 = {
	5658 5655 5722 5726 5784
}

nabrosia_area = {
	5725 5724 5720 5721
}

holy_bridge_area = {
	5716 5713 5712 5715 5718 5634
}

vordor_area = {
	5711 5709 5708 5719 5714
}

durra_area = {
	5565 5566 5567 5807 5808 5809
}

nopatle_area = {
	5563 5564 5821 5810
}

unnamed_area_53 = {
	5806 5804 5803 5802 5800 5799
}

unnamed_area_54 = {
	5707 5798 5797 5796 5696
}

unnamed_area_55 = {
	5795 5291 5293 5794
}

morla_area = {
	5571 5572 5573 5574 5666
}

unsets_area = {
	5568 5569 5570 5717
}

poxa_area = {
	5575 5576 5578
}

vava_area = {
	5579 5580 5581 5582 5583 5584
}

kachik_area = {
	5492 5490 5491 5488 5489
}

bohora_area = {
	5493 5487 5486 5485 5484
}

unnamed_area_29 = {
	5482 5483 5478 5479 5820
}

unnamed_area_30 = {
	5480 5477 5476 5481 5499 5502
}

unnamed_area_31 = {
	5469 5470 5471 5475 5494
}

unnamed_area_32 = {
	5474 5473 5621 5595 5472
}

unnamed_area_56 = {
	5622 5623 5624
}

unnamed_area_33 = {
	5501 5504 5600
}

unnamed_area_34 = {
	5654 5660 5659 5670 5663
}

unnamed_area_35 = {
	5652 5603 5602 5601
}

unnamed_area_36 = {
	5680 5681 5682 5785 5684
}

unnamed_area_37 = {
	5685 5687 5688 5686 5689 5690 5683
}

unnamed_area_38 = {
	5692 5691 5693 5825 5867 
}

unnamed_area_39 = {
	5516 5515 5514 5513
}

unnamed_area_40 = {
	5505 5506 5503 5507 5509
}

yatia_area = {
	5511 5512 5517 5510 5519 5604
}

oearan_area = {
	5520 5524 5523 5522
}

verko_area = {
	5518 5606 5521
}

nakoa_area = {
	5536 5535 5534 5533
}

nikat_area = {
	5526 5527 5525
}

north_nakoa_area = {
	5541 5540 5537 5538 5539 5605
}

borlebim_area = {
	5727 5729 5617 5627 
}

jiat_area = {
	5529 5530 5728
}

govrrol_area = {
	5678 5528 5532 5531
}

unnamed_area_41 = {
	5730 5731 5732 5733 5734
}

unnamed_area_42 = {
	5736 5735 5737 5738 5739 5661
}

unnamed_area_43 = {
	5741 5740 5742 5745 5744 5669
}

unnamed_area_44 = {
	5668 5665 5679
}

unnamed_area_45 = {
	5676 5677 5672 5673
}

unnamed_area_47 = {
	5656 5657 5629 5597 5599
}

unnamed_area_48 = {
	5599 5648 5650
}

unnamed_area_49 = {
	5590 5591 5612 5592 5620
}

unnamed_area_50 = {
	5593 5613 5594
}

unnamed_area_51 = {
	5625  5616 5619 5615 5631
}

unnamed_area_52 = {
	5674 5498 5497
}

yabonia_area = {
	5644 5645 5647 5642 5643
}

geter_area = {
	5633 5636 5639 5609
}

joshumuke_area = {
	6857 6858 6859 6861 6860 6862 6863 6856 6855 6864 6865 6866 6867 6868 6869 6870 6871
}

nuzoto_area = {
	5840 5842 5844 5845 5846 5841
}

west_jimbalak_area = {
	5852 5873 5855
}

east_jimbalak_area = {
	5856 5854 5859
}

nhoma_area_1 = {
	5881 5839 5851 5882
}

baqku_area = {
	5872 5877 5860 5876 5862
}

nhoma_area_2 = {
	5866 5865 5870 5871 
}

bizugu_area = {
	5968 5868 5869 
}

fuka_area = {
	5858 5880 5874 5878 
}

north_khim_area = {
	5838 5883 5847
}

nhoma_area_3 = {
	5834 5833 5879 
}

vamkad_area = {
	5857 5864 5837 
}

nhoma_area_4 = {
	5848 5843 5886 5830
}

nhoma_area_5 = {
	5829 5831 5828 5832
}

vaks_area = {
	5899 5898 5896 5897
}

ufulk_area = {
	5836 5827 5895
}

vadorvador_area = {
	5907 5826 5888 5890 5894 
}

the_edge_area = {
	5887 5891 5892 5893
}

khazatraal_area = {
	5900 5901 5902 5906
}

yakven_area = {
	5905 5903 5904
}

nhoma_area_6 = {
	5853 5863 5861
}

ocros_area = { 7199  7197  7196  7195  7194  7192  7191  7190  7189  7188  7187  7186  7185  7184  7183  7182  7181  7180  7179  7178  7177  7176  7175  7174  7173  7172  7171  7170  7169  7168  7167  7166  7165  7164  7163  7162  7161  7160  7159  7158  7157  7156  7155  7154  7153  7152  7151  7150  7149  7148  7147  7146  7145  7144  7143  7142  7141  7140  7139  7138  7137  7136  7135  7134  7133  7132  7131  7130  7129  7128  7127  7126  7125  7124  7123  7122  7121  7120  7119  7118  7117  7116  7115  7114  7113  7112  7111  7110  7109  7108  7107  7106  7105  7104  7103  7102  7101  7100  7099  7098  7097  7096  7095  7094  7093  7092  7091  7090  7089  7088  7087  7086  7085  7084  7083  7082  7081  7080  7079  7078  7077  7076  7075  7074  7073  7072  7071  7070  7069  7068  7067  7066  7065  7064  7063  7062  7061  7060  7059  7058  7057  7056  7055  7054  7053  7052  7051  7050  7049  7048  7047  7046  7045  7044  7043  7042  7041  7040  7039  7038  7037  7036  7035  7034  7033  7032  7031  7030  7029  7028  7027  7026  7025  7024  7023  7022  7021  7020  7019  7018  7017  7016  7001  7000  6999  6998  6997  6996  6995  6994  6993  6992  6991  6990  6989  6988  6987  6986  6985  6984  6983  6982  6981  6980  6979  6978  6977  6976  6975  6974  6973  6972  6971  6970  6969  6968  6967  6966  6965  6964  6963  6962  6961  6960  6959  6958  6957  6956  6955  6954  6953  6952  6951  6950  6949  6948  6947  6946  6945  6944  6943  6942  6941  6940  6939  6938  6937  6936  6935  6934  6933  6932  6931  6930  6929  6928  6927  6926  6925  6924  6923  6922  6921  6920  6919  6918  6917  6916  6915  6914  6913  6912  6911  6910  6909  6908  6907  6906  6905  6904  6903  6902  6901  6900  6899  6898  6897  6896  6895  6894  6893  6892  6891  6890  6889  6888  6887  6886  6885  6884  6883  6882  6881  6880  6879  6878  6877  6876  6875  6874  6873  6872 
	6443  6560  6837  6158  6157  6156  6155  6154  6153  6152  6151  6150  6149  6148  6147  6146  6145  6144  6143  6142  6141  6140  6139  6138  6137  6136  6135  6134  6133  6132  6131  6130  6129  6128  6127  6126  6124  6123  6122  6121  6120  6119  6118  6116  6115  6114  6113  6112  6111  6110  6109  6108  6107  6106  6105  6104  6103  6102  6101  6100  6099  6098  6097  6096  6095  6094  6093  6092  6091  6090  6089  6088  6087  6086  6085  6084  6083  6082  6081  6080  6079  6078  6077  6076  6075  6074  6073  6072  6071  6070  6069  6068  6067  6066  6065  6064  6063  6057  6056  6055  6054  6053  6052  6050  6049  6048  6046  6045  6044  6043  6042  6041  6039  6037  6036  6035  6034  6033  6032  6031  6030  6029  6028  6027  6026  6025  6024  6023  6022  6021  6020  6019  6018  6017  6016  6015  6014  6013  6012  6011  6010  6009  6008  6007  6005  6004  6003  6002  6001  6000  5999  5998  5997  5996  5995  5994  5993  5992  5991  5990  5988  5987  5986  5984  5983  5982  5981  5980  5979  5978  5977  5976  5975  5974  5973  5972  5971  5970  5969    5967  5966  5965  5964  5963  5962  5961  5960  5959  5958  5957  5956  5955  5954  5953  5952  5951  5950  5949  5948  5947  5946  5945  5944  5943  5942  5941  5940  5939  5938  5937  5936  5935  5934  5933  5932  5930  5929  5928  5927  5926  5925  5924  5923  5922  5921  5920  5919  5918  5917  5916  5915  5914  5913 5875 5849 5850 5889 5912 4969 5910 5909 5911 5641 5675 5662 5651 5610 5630 5640 5632 5614 5646 5649 5635  6552  6567  6510  6513  6537
}

dreklos_area = {
	5884 5664 5061
}

poto_haroo_area = {
	6191 6190 6187 6186 6185
}

dotz_area = {
	6184 6194 6188 6189 6195
}

bortur_area = {
	6181 6179 6180 6178 6177
}

ennam_area = {
	6176 6175 6174 6173
}